71 30 92 39 107
37 31 34 186 74
14 26 235 123 89
77 14 235 123 89
29 12 247 211 134
68 29 176 72 88
11 13 247 211 134
29 5 110 125 133
30 15 235 123 89
19 25 34 186 74
40 28 34 186 74
37 28 34 186 74
48 15 247 211 134
53 8 247 211 134
73 25 176 72 88
66 29 176 72 88
43 12 247 211 134
47 25 235 123 89
14 32 60 63 97
46 32 10 12 38
28 30 34 186 74
26 18 235 123 89
61 24 176 72 88
23 19 235 123 89
69 7 247 211 134
19 20 235 123 89
54 13 247 211 134
40 23 235 123 89
56 5 255 255 255
70 27 176 72 88
73 24 176 72 88
55 10 247 211 134
37 22 235 123 89
22 29 34 186 74
54 16 247 211 134
67 30 176 72 88
55 9 247 211 134
55 24 235 123 89
40 10 247 211 134
48 31 60 63 97
63 24 235 123 89
63 15 247 211 134
50 22 235 123 89
61 34 10 12 38
74 6 255 255 255
43 17 176 72 88
20 20 176 72 88
20 9 247 211 134
16 29 34 186 74
65 5 255 255 255
73 32 10 12 38
41 9 247 211 134
69 10 247 211 134
33 27 34 186 74
24 5 110 125 133
63 33 10 12 38
77 9 247 211 134
40 13 247 211 134
25 27 34 186 74
75 19 176 72 88
48 5 255 255 255
20 25 34 186 74
44 31 10 12 38
32 15 235 123 89
46 18 235 123 89
31 19 235 123 89
19 33 54 108 245
35 34 54 108 245
32 23 176 72 88
48 29 10 12 38
34 10 247 211 134
77 20 235 123 89
44 26 110 125 133
53 26 176 72 88
43 30 10 12 38
16 18 235 123 89
31 13 247 211 134
52 15 255 255 255
22 32 34 186 74
36 6 255 255 255
23 27 34 186 74
23 21 235 123 89
31 28 34 186 74
43 8 247 211 134
45 29 92 39 107
21 23 176 72 88
44 27 110 125 133
62 13 247 211 134
20 6 110 125 133
12 15 235 123 89
28 7 255 255 255
62 33 10 12 38
70 16 235 123 89
12 19 235 123 89
56 22 247 211 134
49 26 176 72 88
38 23 235 123 89
77 28 10 12 38
56 15 255 255 255
24 32 34 186 74
18 27 34 186 74
71 11 247 211 134
11 31 10 12 38
29 26 34 186 74
77 27 176 72 88
18 14 247 211 134
23 16 176 72 88
19 10 247 211 134
28 33 54 108 245
51 9 247 211 134
52 12 247 211 134
53 30 92 39 107
64 34 10 12 38
38 31 34 186 74
69 21 235 123 89
24 28 34 186 74
34 31 34 186 74
27 26 34 186 74
27 8 247 211 134
51 32 10 12 38
17 29 34 186 74
65 29 92 39 107
59 24 235 123 89
26 33 54 108 245
57 30 10 12 38
56 19 247 211 134
76 6 255 255 255
51 31 10 12 38
54 17 235 123 89
37 19 235 123 89
16 24 235 123 89
47 5 255 255 255
63 13 247 211 134
61 26 176 72 88
27 34 54 108 245
47 6 255 255 255
48 7 247 211 134
51 12 247 211 134
70 23 235 123 89
50 25 235 123 89
59 27 176 72 88
74 9 247 211 134
56 32 10 12 38
37 15 235 123 89
52 18 235 123 89
75 34 10 12 38
67 11 247 211 134
20 14 247 211 134
46 26 176 72 88
31 29 34 186 74
47 9 247 211 134
32 32 110 125 133
21 25 34 186 74
38 28 34 186 74
67 32 10 12 38
12 20 176 72 88
67 13 247 211 134
41 21 176 72 88
15 6 110 125 133
16 34 54 108 245
39 13 235 123 89
77 34 10 12 38
49 27 92 39 107
26 30 34 186 74
38 18 235 123 89
35 17 176 72 88
44 10 247 211 134
38 7 247 211 134
73 33 10 12 38
60 15 255 255 255
61 21 235 123 89
76 20 235 123 89
72 7 255 255 255
49 18 235 123 89
22 19 235 123 89
33 15 235 123 89
47 24 235 123 89
49 14 247 211 134
36 32 110 125 133
19 7 255 255 255
20 5 110 125 133
77 25 235 123 89
63 23 176 72 88
32 10 247 211 134
40 29 60 63 97
49 21 235 123 89
57 8 247 211 134
74 17 176 72 88
43 15 235 123 89
30 10 247 211 134
64 32 10 12 38
75 9 247 211 134
48 28 176 72 88
33 31 34 186 74
48 8 247 211 134
74 23 235 123 89
39 8 247 211 134
13 32 60 63 97
53 32 10 12 38
63 14 247 211 134
27 23 176 72 88
30 33 54 108 245
14 24 176 72 88
43 13 247 211 134
42 32 54 108 245
44 11 247 211 134
21 10 247 211 134
77 6 255 255 255
24 7 255 255 255
12 14 247 211 134
56 29 176 72 88
37 32 110 125 133
25 5 110 125 133
59 32 10 12 38
55 14 247 211 134
75 8 247 211 134
72 30 10 12 38
54 6 255 255 255
23 13 247 211 134
70 5 255 255 255
58 22 235 123 89
53 28 92 39 107
55 15 255 255 255
75 27 176 72 88
36 26 34 186 74
30 13 247 211 134
59 16 247 211 134
20 18 235 123 89
23 28 34 186 74
70 17 176 72 88
63 12 247 211 134
41 24 176 72 88
26 11 247 211 134
73 10 247 211 134
50 6 255 255 255
60 30 92 39 107
34 28 34 186 74
70 30 92 39 107
63 10 247 211 134
39 30 34 186 74
50 29 176 72 88
67 5 255 255 255
11 15 235 123 89
41 17 176 72 88
28 12 247 211 134
57 29 176 72 88
43 20 235 123 89
51 10 247 211 134
11 17 176 72 88
56 10 247 211 134
34 27 34 186 74
50 13 247 211 134
31 14 247 211 134
60 13 247 211 134
18 9 247 211 134
42 19 235 123 89
73 34 10 12 38
40 18 235 123 89
19 21 235 123 89
67 15 235 123 89
76 11 247 211 134
27 29 34 186 74
66 7 247 211 134
48 20 235 123 89
16 11 247 211 134
72 15 235 123 89
57 9 247 211 134
40 14 235 123 89
23 32 34 186 74
17 27 34 186 74
59 8 247 211 134
72 6 255 255 255
19 24 235 123 89
40 16 235 123 89
37 33 54 108 245
18 11 247 211 134
23 30 34 186 74
35 21 235 123 89
19 22 235 123 89
35 29 34 186 74
58 17 235 123 89
36 5 255 255 255
53 24 235 123 89
16 19 235 123 89
47 26 176 72 88
30 28 34 186 74
70 32 10 12 38
26 19 235 123 89
69 32 10 12 38
33 30 34 186 74
17 10 247 211 134
45 19 235 123 89
28 22 235 123 89
75 5 255 255 255
32 16 176 72 88
19 30 34 186 74
63 8 247 211 134
74 11 247 211 134
26 15 235 123 89
17 13 247 211 134
74 32 10 12 38
14 8 255 255 255
59 19 235 123 89
60 20 235 123 89
32 7 247 211 134
50 11 247 211 134
18 21 235 123 89
72 29 92 39 107
59 20 235 123 89
73 30 10 12 38
62 7 247 211 134
14 18 235 123 89
76 10 247 211 134
39 34 54 108 245
34 7 247 211 134
75 11 247 211 134
47 8 247 211 134
67 12 247 211 134
71 28 176 72 88
77 16 235 123 89
74 19 176 72 88
52 6 255 255 255
12 18 235 123 89
43 25 176 72 88
33 5 255 255 255
40 5 255 255 255
75 14 235 123 89
36 19 235 123 89
21 19 235 123 89
57 23 247 211 134
68 22 176 72 88
73 11 247 211 134
64 24 176 72 88
30 6 255 255 255
34 32 110 125 133
12 24 176 72 88
18 20 235 123 89
54 14 247 211 134
16 8 255 255 255
17 21 235 123 89
33 25 34 186 74
76 14 235 123 89
35 20 176 72 88
76 28 10 12 38
68 10 247 211 134
68 9 247 211 134
52 11 247 211 134
35 19 235 123 89
64 31 10 12 38
53 33 10 12 38
59 29 92 39 107
30 27 34 186 74
36 15 235 123 89
14 20 176 72 88
12 27 60 63 97
41 25 110 125 133
11 33 10 12 38
43 18 235 123 89
58 13 247 211 134
23 26 34 186 74
28 11 247 211 134
38 11 247 211 134
46 23 235 123 89
19 18 235 123 89
50 34 10 12 38
22 34 54 108 245
37 7 247 211 134
61 20 235 123 89
50 30 10 12 38
45 22 235 123 89
41 27 34 186 74
55 27 92 39 107
66 15 235 123 89
62 28 92 39 107
19 6 110 125 133
57 21 247 211 134
32 22 235 123 89
64 13 247 211 134
42 5 255 255 255
56 8 247 211 134
58 12 247 211 134
71 29 92 39 107
26 23 176 72 88
27 11 247 211 134
58 14 247 211 134
29 9 247 211 134
44 12 247 211 134
32 13 247 211 134
49 17 176 72 88
75 26 235 123 89
54 30 176 72 88
19 16 176 72 88
19 23 176 72 88
39 26 34 186 74
39 33 54 108 245
39 14 235 123 89
46 21 235 123 89
58 18 235 123 89
18 10 247 211 134
76 30 10 12 38
40 15 235 123 89
68 30 92 39 107
30 25 34 186 74
14 29 34 186 74
28 32 34 186 74
22 26 34 186 74
32 11 247 211 134
51 5 255 255 255
67 34 10 12 38
50 10 247 211 134
36 13 235 123 89
52 17 235 123 89
66 20 235 123 89
71 22 235 123 89
27 22 235 123 89
26 8 247 211 134
11 27 60 63 97
54 19 235 123 89
22 31 34 186 74
48 16 235 123 89
31 12 247 211 134
65 26 235 123 89
41 8 247 211 134
28 26 34 186 74
22 12 247 211 134
54 10 247 211 134
51 21 235 123 89
63 18 235 123 89
62 22 235 123 89
38 25 34 186 74
20 26 34 186 74
16 16 176 72 88
76 9 247 211 134
23 10 247 211 134
47 14 247 211 134
59 33 10 12 38
31 5 110 125 133
12 13 247 211 134
21 11 247 211 134
12 7 110 125 133
64 7 247 211 134
29 17 176 72 88
67 9 247 211 134
21 26 34 186 74
69 29 176 72 88
55 12 247 211 134
19 27 34 186 74
46 10 247 211 134
17 24 235 123 89
29 8 247 211 134
47 22 235 123 89
67 10 247 211 134
59 28 176 72 88
52 19 235 123 89
72 5 255 255 255
30 23 176 72 88
73 5 255 255 255
34 25 34 186 74
13 20 176 72 88
68 14 235 123 89
46 31 10 12 38
75 30 10 12 38
66 23 235 123 89
35 14 235 123 89
33 14 235 123 89
51 13 247 211 134
12 28 60 63 97
45 18 235 123 89
64 17 176 72 88
60 6 247 211 134
20 7 255 255 255
27 17 176 72 88
73 18 235 123 89
64 9 247 211 134
70 28 176 72 88
76 29 10 12 38
69 26 176 72 88
66 5 255 255 255
55 18 247 211 134
64 22 235 123 89
22 24 34 186 74
53 22 235 123 89
73 23 235 123 89
62 20 235 123 89
76 25 235 123 89
53 12 247 211 134
45 11 247 211 134
61 18 235 123 89
29 22 235 123 89
24 8 247 211 134
58 11 247 211 134
35 23 110 125 133
31 15 235 123 89
62 34 10 12 38
50 17 235 123 89
29 31 34 186 74
38 14 235 123 89
34 19 235 123 89
14 17 176 72 88
11 10 247 211 134
42 29 10 12 38
47 28 92 39 107
18 26 34 186 74
60 21 235 123 89
33 13 247 211 134
24 29 34 186 74
57 33 10 12 38
21 22 235 123 89
42 7 247 211 134
54 24 235 123 89
29 28 34 186 74
71 5 255 255 255
33 19 235 123 89
20 15 235 123 89
16 5 110 125 133
59 34 10 12 38
36 9 247 211 134
26 5 110 125 133
21 5 110 125 133
39 18 235 123 89
66 30 176 72 88
50 9 247 211 134
25 19 235 123 89
15 24 235 123 89
69 18 235 123 89
16 31 34 186 74
69 11 247 211 134
33 16 176 72 88
61 7 247 211 134
63 9 247 211 134
47 30 92 39 107
63 19 235 123 89
18 12 247 211 134
40 32 54 108 245
21 14 247 211 134
25 20 176 72 88
44 29 10 12 38
55 7 247 211 134
22 15 235 123 89
62 19 235 123 89
63 11 247 211 134
68 15 235 123 89
31 31 34 186 74
42 26 34 186 74
49 31 10 12 38
49 9 247 211 134
45 14 247 211 134
32 9 247 211 134
32 14 235 123 89
47 17 176 72 88
57 28 176 72 88
66 26 235 123 89
26 21 235 123 89
30 32 110 125 133
77 22 235 123 89
47 15 235 123 89
16 22 235 123 89
32 27 34 186 74
39 27 34 186 74
45 17 176 72 88
25 14 247 211 134
13 13 247 211 134
54 33 10 12 38
69 20 235 123 89
74 25 176 72 88
72 24 176 72 88
62 24 235 123 89
15 32 110 125 133
47 32 10 12 38
22 17 176 72 88
17 32 110 125 133
54 18 235 123 89
63 7 247 211 134
71 12 247 211 134
48 22 235 123 89
11 8 110 125 133
72 16 235 123 89
64 26 176 72 88
68 17 176 72 88
14 30 34 186 74
28 24 60 63 97
20 10 247 211 134
35 22 176 72 88
30 19 235 123 89
55 21 247 211 134
58 21 235 123 89
70 31 60 63 97
16 23 235 123 89
14 34 54 108 245
20 33 54 108 245
66 32 10 12 38
19 34 54 108 245
72 22 235 123 89
46 34 60 63 97
13 11 247 211 134
41 7 247 211 134
41 15 235 123 89
41 33 54 108 245
17 22 235 123 89
18 29 34 186 74
65 21 235 123 89
38 9 247 211 134
39 11 247 211 134
38 12 247 211 134
71 23 235 123 89
12 17 176 72 88
13 19 235 123 89
35 8 247 211 134
67 19 176 72 88
24 21 235 123 89
32 18 235 123 89
27 24 60 63 97
58 7 247 211 134
59 15 255 255 255
17 26 34 186 74
75 20 235 123 89
58 25 235 123 89
31 23 176 72 88
28 10 247 211 134
44 19 235 123 89
69 23 235 123 89
55 34 10 12 38
62 15 247 211 134
72 34 10 12 38
74 16 235 123 89
73 9 247 211 134
46 29 92 39 107
60 16 247 211 134
75 29 10 12 38
52 14 247 211 134
62 23 176 72 88
60 12 247 211 134
48 26 176 72 88
27 18 235 123 89
38 10 247 211 134
31 24 34 186 74
37 5 255 255 255
72 14 235 123 89
52 5 255 255 255
66 22 235 123 89
29 19 235 123 89
50 19 235 123 89
26 14 247 211 134
46 8 247 211 134
17 18 235 123 89
42 21 176 72 88
24 11 247 211 134
44 22 176 72 88
27 31 34 186 74
53 15 255 255 255
59 18 235 123 89
50 5 255 255 255
74 12 247 211 134
69 30 92 39 107
57 26 176 72 88
55 16 255 255 255
47 21 235 123 89
35 6 255 255 255
49 10 247 211 134
56 34 10 12 38
28 14 247 211 134
61 27 176 72 88
76 17 176 72 88
29 25 34 186 74
68 13 247 211 134
60 33 10 12 38
31 10 247 211 134
25 9 247 211 134
23 18 235 123 89
13 5 110 125 133
34 22 176 72 88
14 21 235 123 89
63 26 176 72 88
21 17 176 72 88
76 8 247 211 134
72 18 235 123 89
54 32 10 12 38
41 19 235 123 89
59 17 235 123 89
27 33 54 108 245
33 24 34 186 74
33 32 110 125 133
20 28 34 186 74
17 15 235 123 89
51 25 235 123 89
71 24 176 72 88
41 32 54 108 245
34 5 255 255 255
33 18 235 123 89
28 23 176 72 88
23 24 34 186 74
42 31 92 39 107
56 24 235 123 89
21 27 34 186 74
41 34 54 108 245
43 34 54 108 245
18 16 176 72 88
47 10 247 211 134
39 22 176 72 88
74 10 247 211 134
56 33 10 12 38
13 23 235 123 89
39 23 235 123 89
13 9 255 255 255
57 18 247 211 134
20 19 235 123 89
59 23 235 123 89
32 26 34 186 74
31 18 235 123 89
21 9 247 211 134
66 10 247 211 134
50 12 247 211 134
41 11 247 211 134
16 27 34 186 74
38 16 235 123 89
24 6 110 125 133
51 33 10 12 38
13 8 255 255 255
28 21 235 123 89
31 8 247 211 134
16 7 255 255 255
35 15 235 123 89
44 23 235 123 89
24 27 34 186 74
43 7 247 211 134
46 16 235 123 89
66 11 247 211 134
43 10 247 211 134
45 25 235 123 89
54 31 10 12 38
24 30 34 186 74
75 6 255 255 255
18 17 176 72 88
51 8 247 211 134
64 23 235 123 89
26 26 34 186 74
30 11 247 211 134
11 12 247 211 134
55 13 247 211 134
71 9 247 211 134
48 6 255 255 255
50 20 235 123 89
44 15 235 123 89
27 32 34 186 74
18 5 110 125 133
71 32 10 12 38
45 28 92 39 107
44 33 60 63 97
58 31 92 39 107
70 18 235 123 89
57 22 247 211 134
57 20 247 211 134
49 20 235 123 89
75 31 10 12 38
11 32 10 12 38
53 31 10 12 38
17 9 247 211 134
74 30 10 12 38
21 32 34 186 74
47 27 235 123 89
18 32 110 125 133
28 31 34 186 74
40 33 54 108 245
63 6 247 211 134
36 25 34 186 74
73 6 255 255 255
48 10 247 211 134
54 8 247 211 134
15 17 176 72 88
44 20 235 123 89
70 26 176 72 88
57 31 92 39 107
35 32 110 125 133
28 20 176 72 88
31 20 176 72 88
12 5 110 125 133
49 8 247 211 134
37 20 176 72 88
29 10 247 211 134
25 28 34 186 74
26 16 176 72 88
37 16 235 123 89
36 33 54 108 245
13 31 60 63 97
37 12 247 211 134
38 15 235 123 89
73 8 247 211 134
45 26 176 72 88
62 9 247 211 134
57 13 247 211 134
42 18 235 123 89
75 22 235 123 89
50 26 176 72 88
47 19 235 123 89
50 28 176 72 88
59 12 247 211 134
47 13 247 211 134
43 28 10 12 38
69 28 176 72 88
45 16 235 123 89
27 7 255 255 255
36 18 235 123 89
22 22 235 123 89
33 21 235 123 89
23 17 176 72 88
51 18 235 123 89
72 27 176 72 88
25 30 34 186 74
35 11 247 211 134
54 25 176 72 88
62 30 10 12 38
11 19 235 123 89
77 32 10 12 38
75 21 176 72 88
24 14 247 211 134
53 23 235 123 89
13 34 54 108 245
61 14 247 211 134
46 20 235 123 89
25 25 34 186 74
38 29 34 186 74
55 20 247 211 134
65 6 255 255 255
37 13 235 123 89
34 11 247 211 134
44 5 255 255 255
49 16 235 123 89
58 23 235 123 89
71 7 255 255 255
55 29 92 39 107
29 20 176 72 88
41 31 110 125 133
32 25 34 186 74
28 27 34 186 74
17 12 247 211 134
30 8 247 211 134
14 7 110 125 133
75 12 247 211 134
34 23 110 125 133
45 15 235 123 89
24 18 235 123 89
72 12 247 211 134
58 26 176 72 88
63 17 176 72 88
17 28 34 186 74
25 8 247 211 134
36 10 247 211 134
41 6 255 255 255
54 22 235 123 89
13 27 235 123 89
23 5 110 125 133
40 7 247 211 134
45 8 247 211 134
65 18 235 123 89
58 33 10 12 38
30 34 54 108 245
32 28 34 186 74
37 9 247 211 134
29 29 34 186 74
72 8 247 211 134
46 19 235 123 89
37 29 34 186 74
23 8 247 211 134
16 30 34 186 74
36 30 34 186 74
11 34 10 12 38
14 28 34 186 74
77 5 110 125 133
52 23 235 123 89
70 22 235 123 89
65 34 10 12 38
54 20 235 123 89
55 32 10 12 38
37 26 34 186 74
77 15 235 123 89
61 9 247 211 134
40 24 176 72 88
30 5 110 125 133
74 5 255 255 255
67 6 255 255 255
39 15 235 123 89
37 21 235 123 89
74 8 247 211 134
67 22 176 72 88
65 16 235 123 89
60 5 255 255 255
24 31 34 186 74
46 30 10 12 38
44 18 235 123 89
42 12 247 211 134
69 14 235 123 89
62 5 255 255 255
12 32 10 12 38
18 22 235 123 89
55 26 176 72 88
33 10 247 211 134
77 7 255 255 255
53 21 235 123 89
73 12 247 211 134
57 7 247 211 134
21 29 34 186 74
69 9 247 211 134
61 32 10 12 38
54 26 176 72 88
65 15 235 123 89
72 25 176 72 88
65 11 247 211 134
45 12 247 211 134
61 17 235 123 89
11 14 247 211 134
13 17 176 72 88
33 28 34 186 74
57 16 255 255 255
27 12 247 211 134
33 33 54 108 245
69 15 235 123 89
77 12 247 211 134
19 19 235 123 89
74 27 176 72 88
35 7 247 211 134
50 15 247 211 134
51 22 235 123 89
23 11 247 211 134
14 9 255 255 255
15 7 110 125 133
59 26 176 72 88
17 33 54 108 245
71 15 235 123 89
30 30 34 186 74
56 23 247 211 134
30 16 176 72 88
36 34 54 108 245
59 9 247 211 134
48 19 235 123 89
27 16 176 72 88
30 24 34 186 74
67 17 176 72 88
64 27 176 72 88
76 19 176 72 88
57 12 247 211 134
64 15 247 211 134
67 24 235 123 89
45 10 247 211 134
48 32 10 12 38
22 20 235 123 89
14 13 247 211 134
29 23 176 72 88
28 5 110 125 133
16 13 247 211 134
29 15 235 123 89
74 31 10 12 38
56 30 92 39 107
68 26 176 72 88
43 6 255 255 255
25 10 247 211 134
11 26 235 123 89
71 31 10 12 38
31 27 34 186 74
58 10 247 211 134
64 5 255 255 255
38 17 176 72 88
69 34 10 12 38
52 32 10 12 38
74 14 235 123 89
71 20 235 123 89
41 28 34 186 74
19 8 255 255 255
66 8 247 211 134
32 17 176 72 88
58 5 255 255 255
12 26 235 123 89
18 13 247 211 134
44 16 235 123 89
55 23 247 211 134
42 9 247 211 134
66 12 247 211 134
45 33 60 63 97
52 25 235 123 89
43 11 247 211 134
36 11 247 211 134
62 6 247 211 134
39 28 34 186 74
68 34 10 12 38
70 9 247 211 134
65 24 176 72 88
26 22 235 123 89
63 5 255 255 255
52 22 235 123 89
27 20 176 72 88
25 34 54 108 245
46 6 255 255 255
61 23 235 123 89
29 24 34 186 74
58 29 176 72 88
38 8 247 211 134
75 32 10 12 38
38 22 235 123 89
47 23 235 123 89
15 5 110 125 133
21 8 247 211 134
72 9 247 211 134
11 20 176 72 88
53 6 255 255 255
27 14 247 211 134
65 19 235 123 89
19 32 110 125 133
17 11 247 211 134
60 18 235 123 89
76 27 176 72 88
49 29 176 72 88
46 17 176 72 88
62 31 10 12 38
54 15 255 255 255
12 16 176 72 88
18 34 54 108 245
68 7 247 211 134
52 24 235 123 89
13 16 176 72 88
18 31 34 186 74
20 29 34 186 74
17 34 54 108 245
58 8 247 211 134
57 27 176 72 88
54 21 235 123 89
52 8 247 211 134
23 22 235 123 89
63 31 10 12 38
53 25 176 72 88
32 6 255 255 255
74 29 92 39 107
23 25 34 186 74
35 9 247 211 134
68 6 255 255 255
21 21 176 72 88
45 23 235 123 89
50 14 247 211 134
14 5 110 125 133
38 13 235 123 89
30 21 235 123 89
39 24 110 125 133
22 27 34 186 74
49 6 255 255 255
53 18 235 123 89
64 29 92 39 107
17 23 235 123 89
26 27 34 186 74
25 18 235 123 89
75 24 176 72 88
31 11 247 211 134
32 33 54 108 245
46 22 235 123 89
54 23 235 123 89
34 34 54 108 245
18 23 235 123 89
43 19 235 123 89
14 11 247 211 134
21 31 34 186 74
52 27 176 72 88
35 26 34 186 74
17 20 176 72 88
75 17 176 72 88
32 34 54 108 245
50 31 10 12 38
43 33 60 63 97
50 8 247 211 134
32 30 34 186 74
30 17 176 72 88
64 25 235 123 89
67 20 235 123 89
42 16 235 123 89
56 26 176 72 88
73 22 235 123 89
13 25 235 123 89
24 15 235 123 89
44 25 235 123 89
63 20 235 123 89
12 22 176 72 88
13 22 176 72 88
38 6 255 255 255
60 26 176 72 88
35 30 34 186 74
28 6 255 255 255
44 28 10 12 38
50 7 247 211 134
31 25 34 186 74
30 12 247 211 134
60 24 176 72 88
18 8 255 255 255
47 18 235 123 89
40 19 235 123 89
33 11 247 211 134
46 12 247 211 134
54 11 247 211 134
46 9 247 211 134
29 18 235 123 89
76 12 247 211 134
20 13 247 211 134
51 16 247 211 134
55 33 10 12 38
61 28 176 72 88
46 27 235 123 89
40 8 247 211 134
55 28 176 72 88
43 27 34 186 74
21 24 34 186 74
35 12 247 211 134
49 30 10 12 38
13 10 247 211 134
22 9 247 211 134
46 11 247 211 134
56 20 247 211 134
58 24 235 123 89
24 9 247 211 134
22 21 235 123 89
56 17 235 123 89
47 7 247 211 134
51 20 235 123 89
14 16 176 72 88
71 27 176 72 88
38 27 34 186 74
23 20 235 123 89
38 21 235 123 89
26 25 34 186 74
39 17 176 72 88
68 18 235 123 89
63 21 235 123 89
72 23 235 123 89
21 15 235 123 89
19 11 247 211 134
70 15 235 123 89
12 34 54 108 245
67 16 235 123 89
57 6 247 211 134
36 23 110 125 133
20 22 235 123 89
45 20 235 123 89
52 29 176 72 88
59 7 247 211 134
76 31 10 12 38
12 21 235 123 89
71 16 235 123 89
23 23 176 72 88
32 8 247 211 134
74 20 235 123 89
41 26 34 186 74
65 33 10 12 38
66 6 255 255 255
29 14 247 211 134
17 6 110 125 133
43 22 176 72 88
52 9 247 211 134
46 13 247 211 134
31 7 247 211 134
16 14 247 211 134
72 28 176 72 88
55 5 255 255 255
66 13 247 211 134
33 8 247 211 134
33 22 235 123 89
15 29 34 186 74
52 31 10 12 38
58 28 176 72 88
77 10 247 211 134
60 23 235 123 89
60 31 10 12 38
70 19 176 72 88
53 11 247 211 134
17 30 34 186 74
18 25 34 186 74
73 20 235 123 89
60 34 10 12 38
34 14 235 123 89
47 31 60 63 97
33 12 247 211 134
61 8 247 211 134
59 30 92 39 107
75 25 235 123 89
14 6 110 125 133
39 19 235 123 89
63 27 176 72 88
41 14 235 123 89
20 8 255 255 255
68 24 235 123 89
50 16 247 211 134
15 21 235 123 89
73 7 255 255 255
69 16 235 123 89
14 33 54 108 245
43 21 235 123 89
54 12 247 211 134
49 12 247 211 134
53 5 255 255 255
70 29 176 72 88
14 25 235 123 89
39 25 34 186 74
53 34 10 12 38
51 19 235 123 89
27 15 235 123 89
50 18 235 123 89
63 32 92 39 107
73 28 176 72 88
53 13 247 211 134
45 27 92 39 107
23 6 110 125 133
66 33 10 12 38
73 17 176 72 88
66 19 235 123 89
37 25 34 186 74
52 16 247 211 134
16 17 176 72 88
60 28 176 72 88
51 28 176 72 88
13 29 60 63 97
29 27 34 186 74
32 5 110 125 133
73 13 235 123 89
17 17 176 72 88
56 13 247 211 134
41 22 235 123 89
30 29 34 186 74
43 5 255 255 255
43 9 247 211 134
51 11 247 211 134
26 6 255 255 255
27 10 247 211 134
42 15 235 123 89
51 14 247 211 134
34 9 247 211 134
74 26 176 72 88
19 12 247 211 134
25 26 34 186 74
12 6 110 125 133
16 10 247 211 134
25 6 110 125 133
25 16 176 72 88
18 30 34 186 74
73 19 176 72 88
38 19 235 123 89
69 22 235 123 89
75 15 235 123 89
15 18 235 123 89
57 14 247 211 134
31 21 235 123 89
37 11 247 211 134
72 11 247 211 134
52 10 247 211 134
13 6 110 125 133
69 12 247 211 134
40 27 34 186 74
39 16 235 123 89
57 32 10 12 38
65 25 235 123 89
58 20 235 123 89
51 15 247 211 134
48 12 247 211 134
38 30 34 186 74
40 17 176 72 88
20 21 176 72 88
36 14 235 123 89
49 19 235 123 89
44 24 235 123 89
67 23 235 123 89
23 9 247 211 134
48 23 235 123 89
40 12 247 211 134
24 25 34 186 74
18 7 255 255 255
35 18 235 123 89
63 28 92 39 107
77 17 176 72 88
37 30 34 186 74
68 5 255 255 255
43 31 92 39 107
19 29 34 186 74
48 14 247 211 134
40 25 34 186 74
76 23 235 123 89
48 11 247 211 134
61 10 247 211 134
56 12 247 211 134
21 30 34 186 74
13 14 247 211 134
40 20 235 123 89
42 33 54 108 245
65 13 247 211 134
39 5 255 255 255
54 7 247 211 134
31 30 34 186 74
61 25 235 123 89
44 13 247 211 134
59 13 247 211 134
64 10 247 211 134
60 19 235 123 89
44 6 255 255 255
21 16 176 72 88
49 33 10 12 38
28 15 235 123 89
12 31 10 12 38
45 32 10 12 38
44 7 247 211 134
15 14 247 211 134
54 34 10 12 38
65 32 10 12 38
61 22 235 123 89
11 5 110 125 133
36 20 176 72 88
60 29 92 39 107
41 10 247 211 134
17 31 34 186 74
59 5 255 255 255
47 16 235 123 89
68 31 92 39 107
18 18 235 123 89
35 24 34 186 74
28 25 34 186 74
62 21 235 123 89
53 27 176 72 88
47 34 10 12 38
32 31 34 186 74
60 17 235 123 89
44 17 176 72 88
38 24 110 125 133
20 16 176 72 88
68 20 235 123 89
19 17 176 72 88
12 33 10 12 38
26 31 34 186 74
32 29 34 186 74
69 33 10 12 38
72 17 176 72 88
56 21 247 211 134
73 14 235 123 89
14 15 235 123 89
12 8 110 125 133
11 24 176 72 88
15 8 255 255 255
59 14 247 211 134
57 19 247 211 134
55 22 247 211 134
60 32 10 12 38
65 23 235 123 89
51 29 176 72 88
68 25 176 72 88
60 11 247 211 134
20 23 176 72 88
46 24 235 123 89
52 7 247 211 134
44 9 247 211 134
20 12 247 211 134
70 25 176 72 88
22 10 247 211 134
16 25 235 123 89
39 12 247 211 134
48 18 235 123 89
34 16 176 72 88
56 31 92 39 107
27 19 235 123 89
26 10 247 211 134
71 13 235 123 89
36 7 247 211 134
42 30 10 12 38
44 14 247 211 134
48 13 247 211 134
40 6 255 255 255
65 17 176 72 88
68 21 235 123 89
71 26 176 72 88
11 22 176 72 88
49 13 247 211 134
54 28 92 39 107
42 20 235 123 89
73 31 10 12 38
27 28 34 186 74
35 31 34 186 74
65 7 247 211 134
66 16 235 123 89
44 21 235 123 89
72 32 10 12 38
35 13 235 123 89
36 17 176 72 88
40 31 110 125 133
36 29 34 186 74
46 14 247 211 134
17 25 235 123 89
52 20 235 123 89
12 10 247 211 134
37 6 255 255 255
55 31 10 12 38
29 30 34 186 74
76 18 235 123 89
29 7 255 255 255
17 14 247 211 134
19 28 34 186 74
52 26 176 72 88
46 7 247 211 134
19 15 235 123 89
63 34 10 12 38
48 33 10 12 38
22 11 247 211 134
62 11 247 211 134
30 18 235 123 89
24 12 247 211 134
73 15 235 123 89
73 16 235 123 89
24 16 176 72 88
75 28 92 39 107
56 27 92 39 107
48 21 235 123 89
75 33 10 12 38
56 28 176 72 88
13 24 176 72 88
64 11 247 211 134
66 25 235 123 89
73 29 92 39 107
72 19 176 72 88
71 6 255 255 255
35 5 255 255 255
68 33 10 12 38
70 14 235 123 89
26 12 247 211 134
69 13 247 211 134
62 10 247 211 134
54 27 176 72 88
15 9 247 211 134
24 22 235 123 89
16 20 176 72 88
66 24 235 123 89
50 24 235 123 89
74 33 10 12 38
49 15 247 211 134
38 33 54 108 245
76 13 235 123 89
12 30 10 12 38
57 25 176 72 88
50 33 10 12 38
25 33 54 108 245
67 26 176 72 88
56 16 255 255 255
70 33 10 12 38
55 8 247 211 134
45 24 235 123 89
11 7 110 125 133
57 34 10 12 38
36 12 247 211 134
39 31 34 186 74
45 9 247 211 134
59 21 235 123 89
65 20 235 123 89
39 10 247 211 134
69 6 255 255 255
37 14 235 123 89
15 27 60 63 97
67 28 176 72 88
20 30 34 186 74
42 11 247 211 134
50 23 235 123 89
25 12 247 211 134
40 26 34 186 74
25 11 247 211 134
13 18 235 123 89
46 15 235 123 89
22 8 247 211 134
39 29 34 186 74
63 30 10 12 38
48 27 92 39 107
51 17 235 123 89
41 30 10 12 38
33 7 247 211 134
53 10 247 211 134
46 5 255 255 255
53 9 247 211 134
49 11 247 211 134
67 33 10 12 38
25 7 255 255 255
74 15 235 123 89
33 29 34 186 74
57 5 255 255 255
31 32 110 125 133
30 20 176 72 88
71 19 176 72 88
22 16 176 72 88
20 27 34 186 74
55 11 247 211 134
43 14 247 211 134
27 21 235 123 89
74 21 176 72 88
65 8 247 211 134
76 22 235 123 89
69 19 235 123 89
16 26 110 125 133
34 21 235 123 89
22 14 247 211 134
62 18 235 123 89
19 26 34 186 74
34 15 235 123 89
43 29 10 12 38
36 22 235 123 89
23 14 247 211 134
64 28 176 72 88
24 10 247 211 134
11 29 10 12 38
61 29 176 72 88
40 34 54 108 245
41 23 235 123 89
18 33 54 108 245
68 19 176 72 88
15 16 176 72 88
51 24 235 123 89
51 34 10 12 38
23 34 54 108 245
20 11 247 211 134
76 32 10 12 38
68 23 235 123 89
66 17 176 72 88
56 9 247 211 134
21 12 247 211 134
71 10 247 211 134
76 33 10 12 38
12 12 247 211 134
36 27 34 186 74
15 34 54 108 245
49 32 10 12 38
26 24 110 125 133
74 18 235 123 89
45 30 10 12 38
52 33 10 12 38
71 17 176 72 88
53 19 235 123 89
42 8 247 211 134
76 24 176 72 88
69 8 247 211 134
72 31 10 12 38
45 6 255 255 255
60 22 235 123 89
23 33 54 108 245
22 23 176 72 88
34 20 235 123 89
71 21 176 72 88
25 22 235 123 89
77 21 235 123 89
56 6 255 255 255
49 22 235 123 89
31 26 34 186 74
42 24 235 123 89
43 24 235 123 89
25 24 110 125 133
65 10 247 211 134
53 7 247 211 134
45 34 60 63 97
37 24 34 186 74
55 30 176 72 88
70 11 247 211 134
25 32 34 186 74
24 19 235 123 89
61 6 247 211 134
38 5 255 255 255
35 16 176 72 88
18 19 235 123 89
66 21 235 123 89
43 32 60 63 97
36 31 34 186 74
67 25 235 123 89
35 27 34 186 74
71 34 10 12 38
77 19 176 72 88
66 14 247 211 134
62 27 176 72 88
35 25 34 186 74
36 24 34 186 74
64 14 247 211 134
31 22 235 123 89
37 10 247 211 134
23 7 255 255 255
30 31 34 186 74
21 34 54 108 245
15 22 235 123 89
11 11 247 211 134
35 33 54 108 245
23 12 247 211 134
48 9 247 211 134
69 5 255 255 255
59 6 247 211 134
40 30 60 63 97
31 17 176 72 88
71 14 235 123 89
34 13 247 211 134
47 12 247 211 134
56 25 176 72 88
15 13 247 211 134
56 11 247 211 134
59 22 235 123 89
15 19 235 123 89
64 21 235 123 89
65 9 247 211 134
60 14 247 211 134
25 23 176 72 88
11 23 176 72 88
76 7 255 255 255
44 32 10 12 38
52 13 247 211 134
30 7 247 211 134
76 16 235 123 89
54 9 247 211 134
69 25 176 72 88
20 31 34 186 74
34 24 34 186 74
13 15 235 123 89
31 33 54 108 245
11 25 176 72 88
16 15 235 123 89
64 20 235 123 89
22 7 255 255 255
21 20 176 72 88
74 34 10 12 38
42 28 34 186 74
13 28 60 63 97
70 10 247 211 134
63 22 235 123 89
68 16 235 123 89
62 26 176 72 88
74 13 235 123 89
24 24 34 186 74
29 34 54 108 245
28 17 176 72 88
37 27 34 186 74
35 10 247 211 134
21 6 110 125 133
22 30 34 186 74
37 34 54 108 245
49 5 255 255 255
72 13 235 123 89
39 6 255 255 255
26 9 247 211 134
18 24 235 123 89
57 11 247 211 134
67 18 235 123 89
37 17 176 72 88
14 22 235 123 89
65 28 176 72 88
26 29 34 186 74
68 8 247 211 134
18 28 34 186 74
35 28 34 186 74
77 29 10 12 38
60 25 235 123 89
67 29 176 72 88
25 29 34 186 74
52 21 235 123 89
34 12 247 211 134
46 28 92 39 107
15 15 235 123 89
49 34 10 12 38
60 27 176 72 88
15 10 247 211 134
72 21 176 72 88
51 27 176 72 88
29 16 176 72 88
34 6 255 255 255
22 13 247 211 134
58 32 10 12 38
49 7 247 211 134
74 22 235 123 89
75 23 235 123 89
49 23 235 123 89
24 34 54 108 245
58 16 247 211 134
64 6 255 255 255
58 6 247 211 134
13 21 235 123 89
54 5 255 255 255
72 20 235 123 89
44 8 247 211 134
47 11 247 211 134
15 33 54 108 245
37 18 235 123 89
26 13 247 211 134
48 30 92 39 107
67 7 247 211 134
51 30 10 12 38
59 10 247 211 134
14 14 247 211 134
77 26 235 123 89
11 28 110 125 133
70 7 255 255 255
57 15 255 255 255
66 18 235 123 89
68 11 247 211 134
34 17 176 72 88
75 18 235 123 89
72 33 10 12 38
62 29 176 72 88
58 27 176 72 88
51 23 235 123 89
41 29 60 63 97
65 27 176 72 88
58 9 247 211 134
13 26 235 123 89
34 8 247 211 134
16 6 110 125 133
77 23 235 123 89
70 24 176 72 88
29 21 235 123 89
75 16 235 123 89
12 25 176 72 88
22 18 235 123 89
11 6 110 125 133
48 24 235 123 89
15 28 34 186 74
76 5 110 125 133
70 13 247 211 134
16 21 235 123 89
24 23 176 72 88
28 18 235 123 89
15 31 34 186 74
37 8 247 211 134
12 9 247 211 134
21 7 255 255 255
62 14 247 211 134
55 19 247 211 134
19 31 34 186 74
27 30 34 186 74
69 24 176 72 88
46 33 10 12 38
13 12 247 211 134
71 25 176 72 88
26 7 255 255 255
62 16 247 211 134
63 16 247 211 134
23 15 235 123 89
48 17 176 72 88
75 7 255 255 255
27 9 247 211 134
74 28 92 39 107
22 28 34 186 74
42 14 235 123 89
22 33 54 108 245
33 20 235 123 89
13 33 54 108 245
11 16 176 72 88
56 7 247 211 134
77 31 10 12 38
71 33 10 12 38
14 23 235 123 89
67 21 235 123 89
33 26 34 186 74
46 25 235 123 89
25 17 176 72 88
39 9 247 211 134
48 34 10 12 38
72 10 247 211 134
65 31 92 39 107
67 31 92 39 107
61 33 10 12 38
62 8 247 211 134
41 5 255 255 255
17 19 235 123 89
34 18 235 123 89
44 30 10 12 38
11 9 247 211 134
14 12 247 211 134
74 24 176 72 88
24 20 176 72 88
12 11 247 211 134
11 18 235 123 89
28 34 54 108 245
42 22 235 123 89
38 26 34 186 74
36 16 235 123 89
42 34 54 108 245
20 24 110 125 133
53 20 235 123 89
18 15 235 123 89
59 11 247 211 134
67 14 235 123 89
24 13 247 211 134
76 26 235 123 89
71 18 235 123 89
29 13 247 211 134
55 17 235 123 89
19 13 247 211 134
50 27 176 72 88
77 13 235 123 89
57 10 247 211 134
73 21 176 72 88
27 13 247 211 134
20 17 176 72 88
15 23 235 123 89
70 34 10 12 38
20 32 34 186 74
16 9 247 211 134
49 28 176 72 88
22 5 110 125 133
61 30 10 12 38
16 33 54 108 245
33 6 255 255 255
33 17 176 72 88
28 28 34 186 74
61 11 247 211 134
38 20 235 123 89
43 26 110 125 133
41 13 247 211 134
64 30 10 12 38
20 34 54 108 245
63 25 235 123 89
58 30 10 12 38
73 27 176 72 88
14 27 60 63 97
44 34 54 108 245
50 32 10 12 38
15 30 34 186 74
30 22 235 123 89
21 18 235 123 89
51 7 247 211 134
43 23 235 123 89
17 7 255 255 255
31 6 255 255 255
53 17 235 123 89
52 28 92 39 107
56 14 247 211 134
41 12 247 211 134
58 19 235 123 89
38 34 54 108 245
65 12 247 211 134
30 9 247 211 134
30 14 247 211 134
68 32 10 12 38
32 20 235 123 89
37 23 235 123 89
40 9 247 211 134
53 29 92 39 107
48 25 235 123 89
15 11 247 211 134
19 5 110 125 133
31 16 176 72 88
64 12 247 211 134
74 7 255 255 255
62 12 247 211 134
16 32 110 125 133
76 15 235 123 89
57 17 235 123 89
11 30 10 12 38
18 6 110 125 133
31 34 54 108 245
41 20 235 123 89
29 6 255 255 255
64 18 235 123 89
55 6 255 255 255
12 23 176 72 88
42 10 247 211 134
36 21 235 123 89
69 31 60 63 97
17 16 176 72 88
28 9 247 211 134
77 11 247 211 134
47 29 10 12 38
55 25 176 72 88
70 21 235 123 89
49 25 235 123 89
27 25 34 186 74
40 22 176 72 88
62 17 235 123 89
15 20 176 72 88
28 13 247 211 134
67 8 247 211 134
61 19 235 123 89
16 12 247 211 134
25 13 247 211 134
15 26 235 123 89
11 21 235 123 89
32 24 34 186 74
26 34 54 108 245
77 18 235 123 89
17 5 110 125 133
19 9 247 211 134
24 17 176 72 88
42 27 34 186 74
77 8 247 211 134
24 26 34 186 74
40 11 247 211 134
77 33 10 12 38
60 8 247 211 134
62 25 235 123 89
73 26 176 72 88
28 19 235 123 89
66 31 92 39 107
40 21 235 123 89
70 6 255 255 255
28 29 34 186 74
45 31 10 12 38
30 26 34 186 74
58 34 10 12 38
58 15 255 255 255
75 13 235 123 89
42 13 247 211 134
64 19 235 123 89
25 21 235 123 89
50 21 235 123 89
61 12 247 211 134
51 26 176 72 88
47 20 235 123 89
38 32 110 125 133
34 29 34 186 74
53 14 247 211 134
28 8 247 211 134
70 20 235 123 89
34 33 54 108 245
68 27 176 72 88
71 8 247 211 134
43 16 235 123 89
45 5 255 255 255
27 6 255 255 255
64 8 247 211 134
49 24 235 123 89
29 32 34 186 74
36 8 247 211 134
24 33 54 108 245
14 31 60 63 97
16 28 34 186 74
61 13 247 211 134
23 29 34 186 74
25 31 34 186 74
63 29 92 39 107
69 27 176 72 88
52 30 92 39 107
26 17 176 72 88
22 25 34 186 74
66 9 247 211 134
69 17 176 72 88
60 9 247 211 134
64 16 235 123 89
72 26 176 72 88
33 23 110 125 133
39 7 247 211 134
21 28 34 186 74
17 8 255 255 255
25 15 235 123 89
39 20 235 123 89
28 16 176 72 88
41 16 235 123 89
62 32 92 39 107
76 21 176 72 88
77 30 10 12 38
59 31 10 12 38
52 34 10 12 38
57 24 235 123 89
51 6 255 255 255
45 21 235 123 89
42 23 235 123 89
41 18 235 123 89
68 12 247 211 134
39 21 235 123 89
45 13 247 211 134
61 15 247 211 134
34 26 34 186 74
13 7 110 125 133
22 6 110 125 133
39 32 110 125 133
14 10 247 211 134
64 33 10 12 38
76 34 10 12 38
33 9 247 211 134
21 13 247 211 134
66 28 176 72 88
59 25 235 123 89
23 31 34 186 74
42 6 255 255 255
15 25 235 123 89
60 7 247 211 134
32 19 235 123 89
68 28 176 72 88
54 29 92 39 107
53 16 247 211 134
33 34 54 108 245
61 31 10 12 38
36 28 34 186 74
66 34 10 12 38
60 10 247 211 134
70 8 247 211 134
65 14 247 211 134
32 12 247 211 134
29 33 54 108 245
12 29 10 12 38
42 25 176 72 88
61 5 255 255 255
42 17 176 72 88
66 27 176 72 88
61 16 247 211 134
70 12 247 211 134
77 24 176 72 88
32 21 235 123 89
26 32 34 186 74
19 14 247 211 134
27 5 110 125 133
29 11 247 211 134
31 9 247 211 134
34 30 34 186 74
13 30 60 63 97
21 33 54 108 245
15 12 247 211 134
45 7 247 211 134
65 22 235 123 89
26 28 34 186 74
27 27 34 186 74
26 20 176 72 88
75 10 247 211 134
65 30 10 12 38
67 27 176 72 88
47 33 10 12 38
14 19 235 123 89
56 18 247 211 134